INFONCE LOSS x NOISE [0, 0.01, 0.05, 0.10, 0.25] x DIM==1

GRAPHICAL NOISE + NUMERICAL NOISE (noise)

TRAIN 0 TEST 0
density
0 [0.    8.877 7.683 6.537 5.45  4.93  4.457 4.569 0.   ]
20 [0.    0.11  0.155 0.239 0.155 0.189 0.231 0.207 0.   ]
40 [0.    0.1   0.231 0.219 0.29  0.257 0.226 0.205 0.   ]
60 [0.    0.099 0.132 0.173 0.178 0.18  0.225 0.198 0.   ]
80 [0.    0.084 0.122 0.174 0.189 0.192 0.234 0.195 0.   ]
100 [0.    0.089 0.122 0.173 0.192 0.195 0.22  0.195 0.   ]

spearman
0 0.409 [ 0.    -0.106  0.012  0.136  0.149 -0.011  0.06  -0.045  0.   ]
20 0.966 [0.    0.922 0.738 0.585 0.542 0.57  0.284 0.062 0.   ]
40 0.992 [0.    0.94  0.841 0.785 0.757 0.72  0.631 0.631 0.   ]
60 0.993 [0.    0.945 0.861 0.814 0.783 0.745 0.667 0.75  0.   ]
80 0.994 [0.    0.944 0.864 0.822 0.788 0.758 0.664 0.782 0.   ]
100 0.994 [0.    0.945 0.867 0.822 0.794 0.764 0.677 0.79  0.   ]

TRAIN 0 TEST 0.05
density
0 [0.    8.884 7.543 7.284 5.899 5.226 4.394 4.877 0.   ]
20 [0.    0.106 0.139 0.204 0.121 0.135 0.188 0.186 0.   ]
40 [0.    0.094 0.197 0.175 0.16  0.157 0.142 0.148 0.   ]
60 [0.    0.097 0.123 0.142 0.13  0.143 0.152 0.142 0.   ]
80 [0.    0.079 0.114 0.145 0.135 0.16  0.166 0.15  0.   ]
100 [0.    0.085 0.117 0.146 0.137 0.16  0.157 0.146 0.   ]

spearman
0 0.431 [ 0.    -0.037 -0.008  0.167  0.136  0.028 -0.006 -0.059  0.   ]
20 0.945 [0.    0.797 0.528 0.452 0.413 0.408 0.249 0.15  0.   ]
40 0.967 [0.    0.806 0.649 0.517 0.513 0.444 0.403 0.496 0.   ]
60 0.97 [0.    0.816 0.632 0.537 0.525 0.446 0.41  0.553 0.   ]
80 0.97 [0.    0.808 0.636 0.526 0.523 0.46  0.415 0.561 0.   ]
100 0.97 [0.    0.81  0.635 0.526 0.523 0.456 0.417 0.563 0.   ]

TRAIN 0 TEST 0.25
density
0 [0.    7.43  7.085 7.007 6.306 5.846 5.518 4.697 0.   ]
20 [0.    0.055 0.072 0.074 0.064 0.062 0.077 0.137 0.   ]
40 [0.    0.072 0.078 0.065 0.066 0.067 0.059 0.065 0.   ]
60 [0.    0.053 0.049 0.043 0.048 0.054 0.054 0.068 0.   ]
80 [0.    0.048 0.048 0.045 0.053 0.06  0.061 0.07  0.   ]
100 [0.    0.049 0.047 0.045 0.051 0.057 0.057 0.07  0.   ]

spearman
0 0.301 [ 0.    -0.036  0.002  0.023  0.072  0.087  0.081 -0.051  0.   ]
20 0.705 [0.    0.205 0.103 0.121 0.121 0.156 0.12  0.108 0.   ]
40 0.737 [0.    0.224 0.134 0.143 0.144 0.17  0.163 0.274 0.   ]
60 0.726 [0.    0.217 0.122 0.13  0.13  0.16  0.151 0.276 0.   ]
80 0.724 [0.    0.215 0.122 0.131 0.128 0.162 0.157 0.279 0.   ]
100 0.722 [0.    0.215 0.121 0.13  0.125 0.159 0.155 0.271 0.   ]

TRAIN 0.01 TEST 0
density
0 [0.    8.794 7.832 7.062 5.531 4.956 4.189 4.865 0.   ]
20 [0.    0.032 0.124 0.096 0.12  0.172 0.253 0.248 0.   ]
40 [0.    0.081 0.142 0.22  0.241 0.203 0.196 0.365 0.   ]
60 [0.    0.111 0.189 0.194 0.231 0.223 0.246 0.207 0.   ]
80 [0.    0.09  0.159 0.177 0.181 0.191 0.23  0.215 0.   ]
100 [0.    0.095 0.138 0.181 0.198 0.206 0.223 0.21  0.   ]

spearman
0 0.436 [ 0.    -0.031  0.032  0.152  0.121  0.098  0.025  0.     0.   ]
20 -0.938 [ 0.    -0.908 -0.729 -0.578 -0.337 -0.157 -0.35  -0.259  0.   ]
40 -0.991 [ 0.    -0.938 -0.849 -0.78  -0.74  -0.745 -0.646 -0.601  0.   ]
60 -0.993 [ 0.    -0.941 -0.888 -0.809 -0.753 -0.742 -0.697 -0.756  0.   ]
80 -0.994 [ 0.    -0.944 -0.887 -0.811 -0.773 -0.756 -0.706 -0.774  0.   ]
100 -0.994 [ 0.    -0.944 -0.887 -0.824 -0.776 -0.756 -0.716 -0.758  0.   ]

TRAIN 0.01 TEST 0.05
density
0 [ 0.    10.253  7.761  7.564  5.605  5.183  4.632  4.883  0.   ]
20 [0.    0.033 0.091 0.085 0.113 0.156 0.228 0.245 0.   ]
40 [0.    0.076 0.121 0.19  0.158 0.153 0.148 0.258 0.   ]
60 [0.    0.103 0.175 0.182 0.168 0.188 0.186 0.174 0.   ]
80 [0.    0.088 0.143 0.162 0.145 0.174 0.174 0.172 0.   ]
100 [0.    0.09  0.128 0.174 0.154 0.178 0.185 0.18  0.   ]

spearman
0 0.416 [ 0.    -0.049  0.007  0.168  0.155  0.027 -0.003 -0.076  0.   ]
20 -0.921 [ 0.    -0.777 -0.521 -0.371 -0.277 -0.274 -0.286 -0.249  0.   ]
40 -0.971 [ 0.    -0.805 -0.613 -0.532 -0.478 -0.48  -0.372 -0.403  0.   ]
60 -0.973 [ 0.    -0.806 -0.647 -0.526 -0.466 -0.455 -0.365 -0.535  0.   ]
80 -0.974 [ 0.    -0.818 -0.643 -0.536 -0.482 -0.471 -0.383 -0.522  0.   ]
100 -0.974 [ 0.    -0.814 -0.641 -0.539 -0.489 -0.482 -0.385 -0.518  0.   ]

TRAIN 0.01 TEST 0.25
density
0 [0.    7.655 7.036 6.643 6.154 5.475 5.315 5.474 0.   ]
20 [0.    0.023 0.032 0.044 0.071 0.109 0.154 0.214 0.   ]
40 [0.    0.043 0.046 0.055 0.051 0.054 0.061 0.109 0.   ]
60 [0.    0.059 0.053 0.053 0.053 0.06  0.068 0.087 0.   ]
80 [0.    0.051 0.045 0.046 0.044 0.052 0.057 0.08  0.   ]
100 [0.    0.049 0.044 0.048 0.049 0.055 0.06  0.08  0.   ]

spearman
0 0.302 [ 0.    -0.062 -0.017  0.1    0.123  0.028  0.003 -0.099  0.   ]
20 -0.64 [ 0.    -0.191 -0.151 -0.176 -0.098 -0.111 -0.075 -0.21   0.   ]
40 -0.704 [ 0.    -0.221 -0.162 -0.187 -0.15  -0.127 -0.104 -0.207  0.   ]
60 -0.709 [ 0.    -0.23  -0.171 -0.2   -0.148 -0.122 -0.095 -0.295  0.   ]
80 -0.704 [ 0.    -0.242 -0.17  -0.195 -0.148 -0.122 -0.096 -0.286  0.   ]
100 -0.704 [ 0.    -0.23  -0.166 -0.194 -0.149 -0.124 -0.099 -0.283  0.   ]

TRAIN 0.05 TEST 0
density
0 [0.    9.069 8.346 8.021 5.458 5.097 4.424 4.859 0.   ]
20 [0.    0.211 0.195 0.233 0.123 0.09  0.08  0.11  0.   ]
40 [0.    0.174 0.316 0.386 0.446 0.493 0.557 0.346 0.   ]
60 [0.    0.174 0.384 0.418 0.553 0.459 0.488 0.357 0.   ]
80 [0.    0.168 0.315 0.386 0.431 0.415 0.47  0.36  0.   ]
100 [0.    0.173 0.318 0.363 0.438 0.411 0.427 0.331 0.   ]

spearman
0 0.427 [ 0.    -0.07   0.09   0.167  0.107  0.074  0.001 -0.023  0.   ]
20 0.857 [0.    0.882 0.533 0.315 0.217 0.208 0.082 0.286 0.   ]
40 0.991 [0.    0.938 0.847 0.786 0.72  0.675 0.63  0.583 0.   ]
60 0.992 [0.    0.94  0.869 0.803 0.744 0.741 0.607 0.622 0.   ]
80 0.993 [0.    0.945 0.878 0.819 0.763 0.731 0.638 0.654 0.   ]
100 0.993 [0.    0.945 0.882 0.821 0.769 0.742 0.651 0.666 0.   ]

TRAIN 0.05 TEST 0.05
density
0 [0.    8.523 7.749 7.55  5.564 5.526 4.844 4.707 0.   ]
20 [0.    0.179 0.175 0.217 0.131 0.089 0.082 0.109 0.   ]
40 [0.    0.168 0.276 0.315 0.318 0.355 0.431 0.296 0.   ]
60 [0.    0.16  0.338 0.344 0.381 0.327 0.306 0.357 0.   ]
80 [0.    0.158 0.287 0.314 0.315 0.362 0.313 0.343 0.   ]
100 [0.    0.162 0.293 0.318 0.312 0.341 0.283 0.306 0.   ]

spearman
0 0.42 [ 0.    -0.046 -0.031  0.21   0.138 -0.017  0.045 -0.14   0.   ]
20 0.846 [0.    0.762 0.472 0.284 0.199 0.165 0.156 0.244 0.   ]
40 0.971 [0.    0.829 0.619 0.544 0.488 0.479 0.487 0.478 0.   ]
60 0.973 [0.    0.83  0.622 0.571 0.5   0.476 0.487 0.495 0.   ]
80 0.973 [0.    0.827 0.629 0.564 0.506 0.475 0.477 0.526 0.   ]
100 0.974 [0.    0.829 0.634 0.569 0.506 0.483 0.498 0.527 0.   ]

TRAIN 0.05 TEST 0.25
density
0 [0.    7.333 7.397 6.641 6.653 6.171 4.955 4.858 0.   ]
20 [0.    0.12  0.124 0.176 0.135 0.09  0.08  0.073 0.   ]
40 [0.    0.094 0.104 0.101 0.108 0.125 0.194 0.193 0.   ]
60 [0.    0.102 0.117 0.113 0.118 0.117 0.156 0.207 0.   ]
80 [0.    0.085 0.097 0.1   0.103 0.111 0.155 0.194 0.   ]
100 [0.    0.087 0.097 0.096 0.098 0.1   0.138 0.184 0.   ]

spearman
0 0.298 [ 0.    -0.024 -0.062  0.027  0.094  0.037  0.029 -0.038  0.   ]
20 0.702 [0.    0.297 0.203 0.191 0.137 0.073 0.073 0.154 0.   ]
40 0.718 [0.    0.268 0.193 0.23  0.135 0.145 0.179 0.23  0.   ]
60 0.716 [0.    0.254 0.193 0.232 0.135 0.15  0.163 0.246 0.   ]
80 0.706 [0.    0.245 0.188 0.229 0.131 0.144 0.171 0.253 0.   ]
100 0.707 [0.    0.25  0.189 0.229 0.131 0.145 0.173 0.244 0.   ]

TRAIN 0.1 TEST 0
density
0 [0.    9.376 7.036 7.165 5.133 5.399 4.714 4.826 0.   ]
20 [0.    0.584 0.379 0.482 0.24  0.095 0.052 0.043 0.   ]
40 [0.    0.348 1.288 2.086 1.966 2.682 4.235 0.908 0.   ]
60 [0.    0.361 0.549 0.51  0.5   0.526 0.483 0.304 0.   ]
80 [0.    0.352 0.618 0.684 0.712 0.712 0.461 0.312 0.   ]
100 [0.    0.333 0.582 0.685 0.698 0.725 0.534 0.316 0.   ]

spearman
0 0.454 [ 0.    -0.036  0.07   0.206  0.153  0.045  0.011 -0.034  0.   ]
20 0.645 [ 0.    -0.351  0.035  0.217  0.29   0.236  0.176  0.365  0.   ]
40 0.927 [ 0.     0.828  0.488  0.222  0.292  0.571  0.392 -0.196  0.   ]
60 0.97 [0.    0.926 0.805 0.679 0.546 0.479 0.353 0.481 0.   ]
80 0.982 [0.    0.941 0.839 0.741 0.664 0.549 0.419 0.475 0.   ]
100 0.986 [0.    0.94  0.858 0.778 0.709 0.615 0.485 0.491 0.   ]

TRAIN 0.1 TEST 0.05
density
0 [0.    9.272 8.341 7.385 5.772 5.264 5.152 4.684 0.   ]
20 [0.    0.622 0.378 0.484 0.245 0.095 0.05  0.044 0.   ]
40 [0.    0.419 1.448 2.047 1.927 2.384 3.466 0.832 0.   ]
60 [0.    0.346 0.47  0.428 0.486 0.457 0.416 0.29  0.   ]
80 [0.    0.358 0.504 0.572 0.62  0.612 0.43  0.315 0.   ]
100 [0.    0.325 0.476 0.571 0.572 0.544 0.458 0.33  0.   ]

spearman
0 0.426 [ 0.    -0.106  0.003  0.211  0.12   0.011  0.014 -0.144  0.   ]
20 0.633 [ 0.    -0.349  0.021  0.142  0.293  0.159  0.223  0.313  0.   ]
40 0.909 [ 0.     0.682  0.426  0.186  0.296  0.483  0.374 -0.196  0.   ]
60 0.96 [0.    0.813 0.637 0.564 0.455 0.406 0.347 0.421 0.   ]
80 0.968 [0.    0.821 0.652 0.582 0.506 0.456 0.407 0.419 0.   ]
100 0.972 [0.    0.818 0.662 0.585 0.525 0.479 0.445 0.436 0.   ]

TRAIN 0.1 TEST 0.25
density
0 [0.    7.681 7.253 6.158 6.735 5.473 5.144 4.919 0.   ]
20 [0.    0.702 0.462 0.404 0.179 0.08  0.053 0.042 0.   ]
40 [0.    0.986 1.149 1.089 1.23  1.679 1.449 0.675 0.   ]
60 [0.    0.181 0.179 0.185 0.213 0.239 0.267 0.24  0.   ]
80 [0.    0.169 0.198 0.216 0.223 0.217 0.229 0.331 0.   ]
100 [0.    0.151 0.176 0.186 0.197 0.196 0.22  0.335 0.   ]

spearman
0 0.284 [ 0.    -0.041 -0.042  0.064  0.057  0.128  0.004 -0.107  0.   ]
20 0.582 [ 0.    -0.234 -0.008  0.1    0.211  0.086  0.11   0.235  0.   ]
40 0.673 [ 0.     0.126  0.136  0.08   0.118  0.159  0.144 -0.106  0.   ]
60 0.745 [0.    0.24  0.153 0.137 0.16  0.133 0.126 0.265 0.   ]
80 0.73 [0.    0.225 0.147 0.123 0.145 0.139 0.144 0.251 0.   ]
100 0.723 [0.    0.218 0.145 0.118 0.141 0.133 0.142 0.255 0.   ]

TRAIN 0.25 TEST 0
density
0 [0.    8.598 7.416 7.937 5.307 4.949 4.696 5.029 0.   ]
20 [0.    2.105 0.944 0.603 0.757 0.396 0.181 0.217 0.   ]
40 [0.    5.226 3.622 2.053 0.846 0.507 0.199 0.038 0.   ]
60 [0.    1.273 0.924 0.647 0.494 0.298 0.265 0.168 0.   ]
80 [0.    1.317 0.779 0.768 0.483 0.36  0.284 0.445 0.   ]
100 [0.    1.301 0.873 0.7   0.472 0.308 0.275 0.273 0.   ]

spearman
0 0.459 [ 0.    -0.046  0.041  0.21   0.161  0.027  0.056 -0.061  0.   ]
20 -0.735 [ 0.    -0.341 -0.353 -0.116 -0.004 -0.201 -0.11  -0.1    0.   ]
40 0.891 [0.    0.562 0.604 0.371 0.252 0.195 0.183 0.358 0.   ]
60 0.913 [0.    0.84  0.598 0.352 0.322 0.22  0.222 0.361 0.   ]
80 0.906 [0.    0.842 0.537 0.329 0.327 0.22  0.186 0.283 0.   ]
100 0.909 [0.    0.844 0.548 0.341 0.328 0.231 0.203 0.358 0.   ]

TRAIN 0.25 TEST 0.05
density
0 [0.    8.43  7.34  7.697 5.799 5.391 4.858 5.041 0.   ]
20 [0.    2.221 0.937 0.618 0.693 0.41  0.182 0.196 0.   ]
40 [0.    4.437 2.603 1.838 0.993 0.555 0.201 0.037 0.   ]
60 [0.    1.219 0.81  0.597 0.501 0.348 0.28  0.16  0.   ]
80 [0.    1.244 0.745 0.697 0.528 0.395 0.318 0.425 0.   ]
100 [0.    1.272 0.893 0.72  0.492 0.36  0.286 0.261 0.   ]

spearman
0 0.436 [ 0.    -0.091  0.016  0.193  0.198  0.008  0.093 -0.062  0.   ]
20 -0.735 [ 0.    -0.315 -0.212 -0.202 -0.081 -0.115 -0.143 -0.112  0.   ]
40 0.885 [0.    0.539 0.53  0.364 0.284 0.137 0.207 0.352 0.   ]
60 0.905 [0.    0.781 0.479 0.38  0.351 0.15  0.231 0.346 0.   ]
80 0.9 [0.    0.786 0.464 0.374 0.351 0.148 0.205 0.211 0.   ]
100 0.902 [0.    0.79  0.467 0.377 0.35  0.159 0.216 0.347 0.   ]

TRAIN 0.25 TEST 0.25
density
0 [0.    7.808 7.31  6.785 6.642 5.959 5.364 4.82  0.   ]
20 [0.    1.215 0.766 0.711 0.773 0.365 0.181 0.186 0.   ]
40 [0.    1.727 1.275 0.889 0.579 0.367 0.194 0.037 0.   ]
60 [0.    0.463 0.37  0.344 0.357 0.333 0.314 0.182 0.   ]
80 [0.    0.479 0.426 0.401 0.437 0.415 0.348 0.5   0.   ]
100 [0.    0.511 0.419 0.387 0.394 0.381 0.331 0.313 0.   ]

spearman
0 0.298 [ 0.    -0.003 -0.059  0.07   0.072  0.056 -0.032 -0.075  0.   ]
20 -0.679 [ 0.    -0.22  -0.198 -0.168 -0.092 -0.054 -0.049 -0.114  0.   ]
40 0.745 [0.    0.129 0.16  0.206 0.188 0.087 0.108 0.385 0.   ]
60 0.766 [0.    0.257 0.2   0.216 0.212 0.097 0.104 0.38  0.   ]
80 0.763 [0.    0.249 0.187 0.214 0.212 0.101 0.089 0.259 0.   ]
100 0.768 [0.    0.246 0.189 0.213 0.212 0.1   0.11  0.378 0.   ]

NUMERICAL NOISE ONLY (nnoise)

TRAIN 0 TEST 0
density
0 [0.    8.661 7.353 7.751 5.065 5.011 4.71  4.589 0.   ]
20 [0.    0.097 0.206 0.297 0.282 0.345 0.446 0.29  0.   ]
40 [0.    0.068 0.216 0.192 0.196 0.203 0.232 0.3   0.   ]
60 [0.    0.092 0.139 0.21  0.246 0.242 0.226 0.28  0.   ]
80 [0.    0.079 0.131 0.166 0.172 0.194 0.195 0.212 0.   ]
100 [0.    0.085 0.126 0.165 0.18  0.183 0.198 0.216 0.   ]

spearman
0 0.445 [ 0.    -0.009  0.047  0.155  0.167  0.022  0.057 -0.071  0.   ]
20 -0.964 [ 0.    -0.932 -0.851 -0.777 -0.712 -0.568 -0.303  0.06   0.   ]
40 -0.991 [ 0.    -0.942 -0.865 -0.791 -0.695 -0.654 -0.594 -0.676  0.   ]
60 -0.993 [ 0.    -0.943 -0.873 -0.809 -0.74  -0.721 -0.679 -0.683  0.   ]
80 -0.993 [ 0.    -0.943 -0.875 -0.811 -0.756 -0.74  -0.698 -0.757  0.   ]
100 -0.994 [ 0.    -0.945 -0.878 -0.82  -0.764 -0.732 -0.695 -0.763  0.   ]

TRAIN 0 TEST 0.05
density
0 [0.    8.837 8.056 7.832 5.506 5.257 4.571 4.657 0.   ]
20 [0.    0.086 0.176 0.243 0.213 0.285 0.374 0.298 0.   ]
40 [0.    0.066 0.172 0.161 0.144 0.151 0.182 0.243 0.   ]
60 [0.    0.085 0.128 0.183 0.181 0.183 0.184 0.213 0.   ]
80 [0.    0.072 0.114 0.142 0.136 0.153 0.153 0.163 0.   ]
100 [0.    0.081 0.113 0.144 0.129 0.157 0.154 0.164 0.   ]

spearman
0 0.437 [ 0.    -0.047 -0.029  0.171  0.054 -0.039  0.085 -0.138  0.   ]
20 -0.943 [ 0.    -0.795 -0.642 -0.534 -0.525 -0.4   -0.225  0.133  0.   ]
40 -0.97 [ 0.    -0.813 -0.659 -0.537 -0.518 -0.457 -0.358 -0.514  0.   ]
60 -0.971 [ 0.    -0.81  -0.656 -0.544 -0.529 -0.484 -0.401 -0.457  0.   ]
80 -0.972 [ 0.    -0.807 -0.649 -0.545 -0.539 -0.477 -0.403 -0.525  0.   ]
100 -0.972 [ 0.    -0.809 -0.655 -0.552 -0.537 -0.475 -0.397 -0.541  0.   ]

TRAIN 0 TEST 0.25
0 0.376 [ 0.    -0.044 -0.023  0.12   0.096  0.099  0.081  0.009  0.   ]
20 -0.705 [ 0.    -0.168 -0.249 -0.139 -0.151 -0.11  -0.146 -0.032  0.   ]
40 -0.703 [ 0.    -0.168 -0.254 -0.129 -0.16  -0.114 -0.167 -0.224  0.   ]
60 -0.699 [ 0.    -0.166 -0.249 -0.123 -0.16  -0.117 -0.165 -0.169  0.   ]
80 -0.699 [ 0.    -0.16  -0.246 -0.123 -0.163 -0.117 -0.161 -0.197  0.   ]
100 -0.702 [ 0.    -0.163 -0.249 -0.124 -0.164 -0.117 -0.163 -0.206  0.   ]

TRAIN 0.01 TEST 0
density
0 [0.    9.069 7.61  7.74  5.024 4.873 4.453 5.008 0.   ]
20 [0.    0.665 0.86  1.283 0.678 0.249 0.235 0.269 0.   ]
40 [0.    0.113 0.18  0.286 0.343 0.293 0.296 0.279 0.   ]
60 [0.    0.094 0.144 0.168 0.239 0.231 0.184 0.278 0.   ]
80 [0.    0.096 0.151 0.212 0.214 0.215 0.229 0.229 0.   ]
100 [0.    0.098 0.144 0.203 0.215 0.217 0.225 0.223 0.   ]

spearman
0 0.446 [ 0.    -0.031 -0.001  0.199  0.157  0.078  0.063 -0.007  0.   ]
20 0.349 [ 0.     0.701  0.294  0.231 -0.06   0.067 -0.016  0.327  0.   ]
40 0.991 [0.    0.947 0.856 0.771 0.752 0.676 0.62  0.708 0.   ]
60 0.99 [0.    0.948 0.856 0.747 0.707 0.617 0.575 0.769 0.   ]
80 0.994 [0.    0.95  0.875 0.811 0.785 0.702 0.678 0.775 0.   ]
100 0.994 [0.    0.951 0.873 0.811 0.781 0.716 0.681 0.787 0.   ]

TRAIN 0.01 TEST 0.05
density
0 [0.    8.404 7.674 8.133 5.596 4.913 5.056 4.698 0.   ]
20 [0.    0.593 0.748 1.278 0.672 0.26  0.237 0.297 0.   ]
40 [0.    0.111 0.137 0.196 0.226 0.195 0.202 0.218 0.   ]
60 [0.    0.085 0.119 0.132 0.159 0.181 0.141 0.194 0.   ]
80 [0.    0.09  0.126 0.156 0.161 0.175 0.172 0.167 0.   ]
100 [0.    0.091 0.123 0.153 0.156 0.172 0.161 0.159 0.   ]

spearman
0 0.438 [ 0.    -0.051  0.09   0.188  0.163  0.04  -0.025 -0.045  0.   ]
20 0.355 [ 0.     0.601  0.277  0.161 -0.081  0.085  0.011  0.334  0.   ]
40 0.971 [0.    0.823 0.627 0.478 0.546 0.513 0.351 0.542 0.   ]
60 0.967 [0.    0.813 0.599 0.455 0.532 0.464 0.351 0.564 0.   ]
80 0.973 [0.    0.823 0.623 0.495 0.569 0.51  0.39  0.552 0.   ]
100 0.973 [0.    0.822 0.62  0.491 0.561 0.511 0.389 0.556 0.   ]

TRAIN 0.01 TEST 0.25
density
0 [0.    8.117 8.019 7.039 5.538 5.191 4.635 5.006 0.   ]
20 [0.    0.438 0.551 0.776 0.551 0.302 0.265 0.329 0.   ]
40 [0.    0.054 0.057 0.071 0.074 0.068 0.081 0.108 0.   ]
60 [0.    0.042 0.042 0.046 0.051 0.049 0.059 0.083 0.   ]
80 [0.    0.045 0.046 0.05  0.052 0.052 0.059 0.077 0.   ]
100 [0.    0.044 0.044 0.049 0.051 0.05  0.057 0.074 0.   ]

spearman
0 0.377 [ 0.    -0.054  0.043  0.123  0.093  0.063  0.068 -0.029  0.   ]
20 0.277 [ 0.     0.212  0.144  0.077 -0.015  0.004 -0.03   0.255  0.   ]
40 0.718 [0.    0.253 0.194 0.206 0.155 0.15  0.118 0.272 0.   ]
60 0.69 [0.    0.232 0.183 0.193 0.159 0.146 0.098 0.254 0.   ]
80 0.707 [0.    0.247 0.189 0.2   0.167 0.155 0.106 0.248 0.   ]
100 0.704 [0.    0.246 0.188 0.198 0.165 0.154 0.103 0.249 0.   ]

TRAIN 0.05 TEST 0
density
0 [0.    8.794 7.264 7.134 5.307 5.064 4.473 4.8   0.   ]
20 [0.    0.311 0.21  0.443 0.317 0.412 0.299 0.293 0.   ]
40 [0.    0.188 0.373 0.371 0.451 0.49  0.598 0.303 0.   ]
60 [0.    0.195 0.393 0.386 0.397 0.444 0.524 0.313 0.   ]
80 [0.    0.181 0.326 0.37  0.37  0.417 0.433 0.378 0.   ]
100 [0.    0.175 0.365 0.365 0.383 0.402 0.463 0.313 0.   ]

spearman
0 0.441 [ 0.    -0.1    0.082  0.208  0.075  0.06   0.044  0.004  0.   ]
20 0.968 [ 0.    -0.302  0.728  0.665  0.67   0.585  0.232  0.191  0.   ]
40 0.992 [0.    0.934 0.838 0.815 0.752 0.674 0.69  0.637 0.   ]
60 0.992 [0.    0.942 0.849 0.836 0.784 0.677 0.715 0.587 0.   ]
80 0.993 [0.    0.944 0.843 0.828 0.786 0.692 0.708 0.683 0.   ]
100 0.993 [0.    0.942 0.844 0.835 0.791 0.695 0.715 0.683 0.   ]

TRAIN 0.05 TEST 0.05
density
0 [0.    8.65  7.554 7.39  4.945 5.073 4.446 4.651 0.   ]
20 [0.    0.336 0.164 0.278 0.272 0.3   0.24  0.286 0.   ]
40 [0.    0.176 0.264 0.269 0.326 0.368 0.379 0.281 0.   ]
60 [0.    0.185 0.269 0.302 0.295 0.321 0.316 0.292 0.   ]
80 [0.    0.181 0.233 0.34  0.321 0.335 0.318 0.342 0.   ]
100 [0.    0.176 0.247 0.306 0.328 0.318 0.312 0.282 0.   ]

spearman
0 0.436 [ 0.    -0.05   0.008  0.171  0.069  0.064  0.075 -0.075  0.   ]
20 0.951 [ 0.    -0.148  0.535  0.506  0.467  0.441  0.263  0.099  0.   ]
40 0.972 [0.    0.813 0.622 0.547 0.461 0.46  0.417 0.506 0.   ]
60 0.972 [0.    0.813 0.626 0.564 0.495 0.465 0.43  0.464 0.   ]
80 0.973 [0.    0.809 0.624 0.563 0.484 0.478 0.42  0.514 0.   ]
100 0.973 [0.    0.811 0.625 0.568 0.486 0.48  0.425 0.537 0.   ]

TRAIN 0.05 TEST 0.25
density
0 [0.    7.837 7.766 7.011 5.967 5.986 4.55  4.393 0.   ]
20 [0.    0.09  0.071 0.101 0.121 0.155 0.182 0.213 0.   ]
40 [0.    0.112 0.096 0.1   0.111 0.13  0.141 0.153 0.   ]
60 [0.    0.095 0.095 0.096 0.101 0.115 0.121 0.156 0.   ]
80 [0.    0.09  0.091 0.099 0.1   0.107 0.122 0.158 0.   ]
100 [0.    0.093 0.091 0.098 0.102 0.108 0.117 0.143 0.   ]

spearman
0 0.379 [ 0.    -0.009  0.03   0.139  0.101  0.056  0.008 -0.046  0.   ]
20 0.719 [0.    0.051 0.15  0.174 0.098 0.151 0.107 0.088 0.   ]
40 0.696 [0.    0.175 0.152 0.172 0.087 0.135 0.088 0.306 0.   ]
60 0.7 [0.    0.165 0.153 0.17  0.091 0.136 0.097 0.275 0.   ]
80 0.699 [0.    0.163 0.15  0.168 0.085 0.139 0.089 0.277 0.   ]
100 0.702 [0.    0.168 0.153 0.169 0.088 0.138 0.09  0.306 0.   ]

TRAIN 0.1 TEST 0

TRAIN 0.1 TEST 0.05
density
0 [0.    8.016 7.838 7.89  5.533 4.992 4.656 4.556 0.   ]
20 [0.    0.254 0.24  0.247 0.325 0.478 0.308 0.242 0.   ]
40 [0.    0.333 0.55  0.561 0.691 0.505 0.401 0.28  0.   ]
60 [0.    0.346 0.458 0.474 0.59  0.498 0.493 0.296 0.   ]
80 [0.    0.327 0.477 0.479 0.611 0.521 0.515 0.366 0.   ]
100 [0.    0.31  0.479 0.485 0.582 0.518 0.483 0.319 0.   ]

spearman
0 0.446 [ 0.    -0.084  0.036  0.212  0.151  0.052  0.033 -0.062  0.   ]
20 -0.876 [ 0.    -0.464 -0.175 -0.198 -0.432 -0.204 -0.207 -0.145  0.   ]
40 -0.965 [ 0.    -0.796 -0.614 -0.542 -0.513 -0.491 -0.344 -0.387  0.   ]
60 -0.965 [ 0.    -0.812 -0.657 -0.557 -0.492 -0.482 -0.365 -0.392  0.   ]
80 -0.969 [ 0.    -0.807 -0.652 -0.558 -0.512 -0.523 -0.392 -0.435  0.   ]
100 -0.969 [ 0.    -0.811 -0.652 -0.561 -0.506 -0.505 -0.399 -0.411  0.   ]

TRAIN 0.1 TEST 0.25
density
0 [0.    7.097 7.105 7.048 5.87  5.518 4.652 4.512 0.   ]
20 [0.    0.151 0.17  0.18  0.179 0.309 0.287 0.214 0.   ]
40 [0.    0.19  0.202 0.217 0.188 0.201 0.222 0.206 0.   ]
60 [0.    0.169 0.169 0.204 0.188 0.203 0.243 0.246 0.   ]
80 [0.    0.161 0.166 0.194 0.174 0.186 0.233 0.288 0.   ]
100 [0.    0.161 0.166 0.188 0.172 0.18  0.218 0.263 0.   ]

spearman
0 0.402 [ 0.    -0.     0.043  0.083  0.095  0.085  0.016 -0.024  0.   ]
20 -0.695 [ 0.    -0.077 -0.074 -0.172 -0.217 -0.177 -0.156 -0.119  0.   ]
40 -0.751 [ 0.    -0.213 -0.186 -0.193 -0.198 -0.176 -0.214 -0.245  0.   ]
60 -0.754 [ 0.    -0.224 -0.211 -0.184 -0.198 -0.167 -0.218 -0.293  0.   ]
80 -0.744 [ 0.    -0.21  -0.195 -0.183 -0.195 -0.163 -0.214 -0.302  0.   ]
100 -0.746 [ 0.    -0.215 -0.199 -0.184 -0.196 -0.162 -0.218 -0.298  0.   ]

TRAIN 0.25 TEST 0

TRAIN 0.25 TEST 0.05

TRAIN 0.25 TEST 0.25
